34
34
34
34
32
30
28
30
29
28
30
29
37
37
29
29
27
26
28
38
29
29
27
25
27
25
25
25
25
24
22
21
24
23
18
16
15
19
18
18
18
18
25
16
16
16
16
16
14
12
12
14
14
14
12
12
11
11
10
11
16
11
14
10
12
15
10
10
14
13
14
13
20
11
8
7
12
11
10
6
5
6
8
6
5
4
8
4
9
8
3
2
-1
-2
-3
-7
-10
-11
-8
-10
-12
-13
-13
-14
-16
-18
-19
-20
-21
-22
-24
-25
-26
-27
-28
-29
27
27
26
26
26
26
26
25
24
23
25
24
23
25
24
24
23
22
22
28
28
29
27
34
25
24
33
32
27
22
21
14
13
13
13
13
14
13
12
11
8
7
6
6
5
4
3
3
2
0
-2
-3
-3
-3
-4
-4
-3
0
0
0
-1
-2
-5
-5
-8
-8
-11
-12
-14
-15
-16
-16
-16
-16
-16
-16
-17
-17
-17
-18
-19
-20
-21
-22
-23
-24
-26
-26
-28
-29
30
28
28
28
27
27
27
25
24
23
22
21
21
21
20
21
26
24
23
22
19
14
12
14
14
14
14
12
14
11
10
13
9
9
8
7
6
9
6
5
4
7
5
4
4
9
9
9
8
2
1
1
0
2
0
-1
-1
-2
-5
-4
-4
-4
-7
-8
-8
-9
-9
-10
-11
-12
-14
-15
-16
-16
-16
-17
-18
-19
-20
-21
-22
-23
-24
-26
-26
-28
-29
34
33
33
32
30
29
28
27
27
32
26
30
37
30
30
26
26
24
24
23
24
24
30
28
23
23
21
21
25
25
25
25
23
26
26
25
24
21
21
20
22
22
20
25
25
25
20
21
23
21
21
21
21
19
23
20
20
20
25
25
22
21
20
18
17
18
20
22
22
20
16
15
14
14
13
15
11
10
6
5
4
1
2
1
1
-2
-4
-4
-6
-8
-8
-8
-10
-12
-12
-12
-14
-14
-16
-16
-18
-20
-21
-21
-22
-23
-24
-25
-27
-28
-29
34
34
37
37
36
35
35
34
45
32
32
32
32
44
32
32
30
30
30
31
30
30
28
27
30
31
41
39
29
29
28
37
28
35
28
28
29
27
26
29
26
26
26
26
25
23
27
29
30
41
30
30
27
25
25
24
32
25
23
23
21
20
23
23
23
23
20
19
18
18
21
19
22
17
15
19
18
17
15
12
15
14
13
13
11
11
8
6
14
14
14
13
15
15
15
15
5
3
3
2
0
0
-2
-4
-6
-8
-10
-10
-12
-14
-14
-14
-16
-18
-18
-18
-20
-22
-22
-24
-25
-26
-27
-28
-29
31
36
36
36
34
32
30
28
27
32
26
26
32
32
26
26
30
39
44
32
30
40
30
30
28
28
31
31
37
37
25
23
21
23
26
26
26
22
25
24
23
23
20
18
16
14
14
12
12
10
11
10
9
12
12
12
13
10
8
7
6
4
2
2
1
1
0
0
0
-1
-1
-1
-3
-3
3
-4
-5
-7
-7
-8
-9
-10
-11
-13
-13
-15
-15
-17
-17
-19
-20
-22
-23
-24
-25
-27
-28
-29
30
34
34
33
32
31
30
29
28
28
28
31
31
31
25
23
25
23
21
23
23
21
24
22
23
19
19
19
23
23
29
21
21
21
17
17
17
17
17
17
17
16
15
16
16
16
15
14
17
17
23
20
19
11
11
9
8
7
6
5
4
3
2
1
0
-1
-1
-1
-2
1
1
1
1
1
0
-1
-2
-3
-5
-6
-8
-8
-9
-10
-11
-12
-13
-14
-14
-14
-14
-15
-16
-17
-18
-19
-20
-21
-22
-23
-24
-25
-26
-28
-29
28
28
31
31
30
29
28
34
26
26
25
25
25
25
25
24
24
24
24
27
32
34
25
24
23
27
25
23
25
23
23
21
23
21
20
18
18
21
22
22
22
18
16
22
22
22
22
21
21
13
12
12
13
14
14
14
14
12
12
11
9
8
6
6
5
3
3
0
-1
-2
-3
-5
-5
-1
-3
-3
-3
-4
-3
-3
-3
-3
-3
-3
-5
-7
-8
-10
-11
-13
-16
-17
-19
-20
-21
-21
-22
-24
-26
-27
-28
-29
38
38
38
36
36
35
34
44
32
34
33
33
33
30
29
28
28
34
39
39
29
29
29
26
26
25
25
25
25
24
23
27
36
36
26
32
24
28
22
25
35
25
31
27
28
20
18
17
22
23
19
17
19
15
14
16
16
22
20
19
12
10
9
7
5
4
4
2
7
7
5
6
6
2
2
2
2
-1
0
-1
-2
-3
-3
-3
-1
-1
-7
-8
-9
-12
-12
-15
-16
-17
-19
-20
-21
-23
-23
-24
-25
-26
-28
-29
29
28
29
28
27
28
27
25
25
30
25
26
26
30
25
25
29
27
38
28
24
27
26
25
26
26
27
26
26
27
36
35
24
23
23
25
25
25
23
22
23
25
25
25
23
31
29
27
26
23
20
18
19
19
19
17
20
19
18
19
15
15
11
13
13
19
19
13
11
9
9
11
11
11
11
7
5
3
2
1
0
2
8
7
11
10
8
8
5
4
1
1
1
-2
-5
-9
-11
-12
-13
-14
-15
-16
-18
-18
-20
-21
-21
-22
-24
-24
-26
-27
-28
-29
34
35
35
35
35
33
32
31
32
31
42
31
40
30
30
32
32
32
32
32
31
30
32
32
35
34
31
31
30
30
41
31
31
31
31
30
31
32
34
34
31
31
29
36
45
44
45
31
29
29
27
31
27
26
33
30
27
24
24
26
26
24
24
24
24
23
23
23
23
33
23
21
23
34
33
20
18
17
17
17
19
19
15
15
14
14
15
14
10
8
8
7
4
4
1
1
-2
-2
-5
-6
-8
-9
-10
-11
-13
-13
-14
-16
-16
-16
-19
-20
-20
-22
-24
-24
-25
-26
-28
-29
35
35
35
34
34
34
33
43
33
33
37
37
37
39
37
36
50
34
33
33
33
47
50
33
33
31
46
42
39
28
26
26
35
24
24
24
24
22
22
22
22
22
25
23
22
30
30
30
30
22
20
19
27
27
19
21
21
19
19
18
20
21
19
19
18
19
23
21
21
21
19
19
17
17
17
17
17
17
17
15
15
15
19
15
12
12
12
12
12
12
12
11
13
13
10
8
7
9
7
9
8
8
4
3
1
0
3
5
4
3
-1
-3
-5
-5
-6
-7
-7
-7
-7
-7
-8
-4
-6
-7
-9
-10
-11
-12
-13
-16
-17
-19
-20
-21
-22
-24
-24
-25
-27
-28
-29
36
38
37
37
37
37
37
37
53
55
38
38
36
49
36
37
38
38
37
51
36
35
34
36
36
36
51
35
34
35
35
32
31
31
41
30
41
30
31
41
40
41
29
41
29
29
29
29
41
41
29
27
31
31
44
57
36
36
36
35
55
36
57
36
38
36
36
36
36
38
36
34
32
30
32
30
41
38
39
27
27
27
25
27
31
29
31
27
27
25
38
38
27
42
27
27
23
21
21
22
22
21
20
25
25
15
19
19
14
15
15
13
11
10
9
8
6
6
4
4
2
1
0
0
-2
-4
-6
-7
-8
-10
-10
-11
-11
-12
-14
-16
-16
-18
-18
-19
-20
-22
-22
-23
-24
-26
-27
-28
-29
